3.750000000000000100e-04 6.849126500000000600e+00
7.500000000000000200e-04 1.369846049999999900e+01
1.124999999999999900e-03 2.054116350000000000e+01
1.500000000000000000e-03 2.731965400000000000e+01
1.874999999999999900e-03 3.403650100000000100e+01
2.249999999999999800e-03 4.070898900000000300e+01
2.625000000000000200e-03 4.729517900000000500e+01
3.000000000000000100e-03 5.379584599999999700e+01
3.375000000000000000e-03 6.021045600000000100e+01
3.749999999999999900e-03 6.656328999999999500e+01
3.749999999999999900e-03 6.656328999999999500e+01
3.000000000000000100e-03 5.350453400000000700e+01
2.249999999999999800e-03 4.042223800000000000e+01
1.500000000000000000e-03 2.724872200000000100e+01
7.500000000000000200e-04 1.370008350000000200e+01
-6.344131569286608800e-19 1.346012695312500900e-03
-7.500000000000000200e-04 -1.369836250000000000e+01
-1.500000000000000000e-03 -2.732196700000000100e+01
-2.249999999999999800e-03 -4.071160499999999900e+01
-3.000000000000000100e-03 -5.380477600000000400e+01
-3.749999999999999900e-03 -6.657571400000000500e+01
-3.749999999999999900e-03 -6.657571400000000500e+01
-3.000000000000000100e-03 -5.351504700000000300e+01
-2.249999999999999800e-03 -4.042916999999999900e+01
-1.500000000000000000e-03 -2.725266200000000100e+01
-7.500000000000000200e-04 -1.370011350000000000e+01
3.806478941571965100e-19 -4.270161056518554900e-04
7.500000000000000200e-04 1.369926300000000000e+01
1.500000000000000000e-03 2.725002699999999900e+01
2.249999999999999800e-03 4.042602200000000300e+01
3.000000000000000100e-03 5.351050500000000200e+01
3.749999999999999900e-03 6.657072800000000300e+01
3.749999999999999900e-03 6.657072800000000300e+01
3.000000000000000100e-03 5.351004300000000300e+01
2.249999999999999800e-03 4.042578999999999900e+01
1.500000000000000000e-03 2.724997900000000300e+01
7.500000000000000200e-04 1.369922100000000100e+01
-6.344131569286608800e-19 -4.515609893798827600e-04
-7.500000000000000200e-04 -1.370013100000000100e+01
-1.500000000000000000e-03 -2.725270700000000100e+01
-2.249999999999999800e-03 -4.042911800000000300e+01
-3.000000000000000100e-03 -5.351497599999999700e+01
-3.749999999999999900e-03 -6.657555399999999700e+01
-3.749999999999999900e-03 -6.657555399999999700e+01
-3.000000000000000100e-03 -5.351492000000000400e+01
-2.249999999999999800e-03 -4.042910600000000400e+01
-1.500000000000000000e-03 -2.725269499999999900e+01
-7.500000000000000200e-04 -1.369996600000000000e+01
6.344131569286608800e-19 -2.637857971191405500e-04
7.500000000000000200e-04 1.369943250000000000e+01
1.500000000000000000e-03 2.725028900000000200e+01
2.249999999999999800e-03 4.042606599999999900e+01
3.000000000000000100e-03 5.351029599999999700e+01
3.749999999999999900e-03 6.657096599999999900e+01
3.749999999999999900e-03 6.657096599999999900e+01
3.000000000000000100e-03 5.351030000000000100e+01
2.249999999999999800e-03 4.042608099999999600e+01
1.500000000000000000e-03 2.725028800000000100e+01
7.500000000000000200e-04 1.369936249999999900e+01
-6.344131569286608800e-19 -3.288172607421875200e-04
-7.500000000000000200e-04 -1.370003650000000000e+01
-1.500000000000000000e-03 -2.725282800000000100e+01
-2.249999999999999800e-03 -4.042918399999999900e+01
-3.000000000000000100e-03 -5.351498099999999900e+01
-3.749999999999999900e-03 -6.657557800000000700e+01
-3.749999999999999900e-03 -6.657557800000000700e+01
-3.000000000000000100e-03 -5.351497500000000000e+01
-2.249999999999999800e-03 -4.042919800000000000e+01
-1.500000000000000000e-03 -2.725282999999999900e+01
-7.500000000000000200e-04 -1.369996199999999900e+01
6.344131569286608800e-19 -2.574982299804688000e-04
7.500000000000000200e-04 1.369943999999999900e+01
1.500000000000000000e-03 2.725043500000000000e+01
2.249999999999999800e-03 4.042617399999999600e+01
3.000000000000000100e-03 5.351036899999999700e+01
3.749999999999999900e-03 6.657102399999999400e+01
3.749999999999999900e-03 6.657102399999999400e+01
3.000000000000000100e-03 5.351037699999999800e+01
2.249999999999999800e-03 4.042619200000000000e+01
1.500000000000000000e-03 2.725043199999999600e+01
7.500000000000000200e-04 1.369936699999999900e+01
-6.344131569286608800e-19 -3.283822326660155800e-04
-7.500000000000000200e-04 -1.370003950000000100e+01
-1.500000000000000000e-03 -2.725297200000000000e+01
-2.249999999999999800e-03 -4.042928899999999700e+01
-3.000000000000000100e-03 -5.351505100000000000e+01
-3.749999999999999900e-03 -6.657561400000000200e+01
-3.749999999999999900e-03 -6.657561400000000200e+01
-3.000000000000000100e-03 -5.351504299999999900e+01
-2.249999999999999800e-03 -4.042930299999999700e+01
-1.500000000000000000e-03 -2.725297300000000100e+01
-7.500000000000000200e-04 -1.369996550000000100e+01
6.344131569286608800e-19 -2.573033447265624700e-04
7.500000000000000200e-04 1.369944450000000200e+01
1.500000000000000000e-03 2.725057800000000100e+01
2.249999999999999800e-03 4.042628700000000200e+01
3.000000000000000100e-03 5.351044600000000200e+01
3.749999999999999900e-03 6.657107600000000500e+01
3.749999999999999900e-03 6.657107600000000500e+01
3.000000000000000100e-03 5.351045000000000600e+01
2.249999999999999800e-03 4.042630400000000200e+01
1.500000000000000000e-03 2.725057700000000000e+01
7.500000000000000200e-04 1.369937050000000100e+01
-6.344131569286608800e-19 -3.282320251464844200e-04
-7.500000000000000200e-04 -1.370004249999999900e+01
-1.500000000000000000e-03 -2.725311600000000200e+01
-2.249999999999999800e-03 -4.042939500000000000e+01
-3.000000000000000100e-03 -5.351511599999999900e+01
-3.749999999999999900e-03 -6.657564800000000100e+01
-3.749999999999999900e-03 -6.657564800000000100e+01
-3.000000000000000100e-03 -5.351510700000000000e+01
-2.249999999999999800e-03 -4.042940600000000000e+01
-1.500000000000000000e-03 -2.725311800000000100e+01
-7.500000000000000200e-04 -1.369996950000000000e+01
6.344131569286608800e-19 -2.571031494140625700e-04
7.500000000000000200e-04 1.369944749999999800e+01
1.500000000000000000e-03 2.725072100000000200e+01
2.249999999999999800e-03 4.042639799999999900e+01
3.000000000000000100e-03 5.351052000000000000e+01
3.749999999999999900e-03 6.657112999999999700e+01
3.749999999999999900e-03 6.657112999999999700e+01
3.000000000000000100e-03 5.351052299999999900e+01
2.249999999999999800e-03 4.042641499999999900e+01
1.500000000000000000e-03 2.725072000000000100e+01
7.500000000000000200e-04 1.369937450000000100e+01
-6.344131569286608800e-19 -3.280360412597656500e-04
-7.500000000000000200e-04 -1.370004600000000000e+01
-1.500000000000000000e-03 -2.725325900000000000e+01
-2.249999999999999800e-03 -4.042949800000000200e+01
-3.000000000000000100e-03 -5.351518000000000100e+01
-3.749999999999999900e-03 -6.657568000000000600e+01
-3.749999999999999900e-03 -6.657568000000000600e+01
-2.875000000000000000e-03 -5.133660000000000400e+01
-2.000000000000000000e-03 -3.605384199999999600e+01
-1.124999999999999900e-03 -2.053332900000000200e+01
-2.500000000000000100e-04 -4.566790874999999700e+00
6.250000000000000100e-04 1.141634025000000100e+01
1.500000000000000000e-03 2.725101899999999900e+01
2.374999999999999900e-03 4.261061099999999900e+01
3.249999999999999900e-03 5.786553200000000200e+01
4.125000000000000200e-03 7.288454400000000500e+01
5.000000000000000100e-03 8.746094800000000200e+01
5.000000000000000100e-03 8.746094800000000200e+01
4.000000000000000100e-03 7.031436999999999700e+01
3.000000000000000100e-03 5.315926799999999700e+01
2.000000000000000000e-03 3.594347899999999600e+01
1.000000000000000000e-03 1.825697100000000000e+01
-3.806478941571965100e-19 -3.588245117187499600e-03
-1.000000000000000000e-03 -1.826617900000000100e+01
-2.000000000000000000e-03 -3.605824799999999900e+01
-3.000000000000000100e-03 -5.352013499999999600e+01
-4.000000000000000100e-03 -7.079231799999999500e+01
-5.000000000000000100e-03 -8.746495400000000600e+01
-5.000000000000000100e-03 -8.746495400000000600e+01
-4.000000000000000100e-03 -7.031917400000000400e+01
-3.000000000000000100e-03 -5.316371600000000100e+01
-2.000000000000000000e-03 -3.595119700000000100e+01
-1.000000000000000000e-03 -1.826207700000000100e+01
3.806478941571965100e-19 -4.696694335937497000e-04
1.000000000000000000e-03 1.826042150000000000e+01
2.000000000000000000e-03 3.594908699999999900e+01
3.000000000000000100e-03 5.316617000000000100e+01
4.000000000000000100e-03 7.032220399999999900e+01
5.000000000000000100e-03 8.746625999999999100e+01
5.000000000000000100e-03 8.746625999999999100e+01
4.000000000000000100e-03 7.031938199999999000e+01
3.000000000000000100e-03 5.316403499999999800e+01
2.000000000000000000e-03 3.594797099999999500e+01
1.000000000000000000e-03 1.826022100000000100e+01
-5.392511833893617000e-19 -4.094788818359374000e-04
-1.000000000000000000e-03 -1.826217900000000000e+01
-2.000000000000000000e-03 -3.595218800000000000e+01
-3.000000000000000100e-03 -5.316544100000000100e+01
-4.000000000000000100e-03 -7.032133999999999200e+01
-5.000000000000000100e-03 -8.746447399999999600e+01
-5.000000000000000100e-03 -8.746447399999999600e+01
-4.000000000000000100e-03 -7.031874999999999400e+01
-3.000000000000000100e-03 -5.316339699999999600e+01
-2.000000000000000000e-03 -3.595102399999999700e+01
-1.000000000000000000e-03 -1.826182049999999900e+01
3.806478941571965100e-19 -2.050249023437503300e-04
1.000000000000000000e-03 1.826064399999999900e+01
2.000000000000000000e-03 3.594933700000000000e+01
3.000000000000000100e-03 5.316619999999999600e+01
4.000000000000000100e-03 7.032201000000000600e+01
5.000000000000000100e-03 8.746625799999999600e+01
5.000000000000000100e-03 8.746625799999999600e+01
4.000000000000000100e-03 7.031944400000000400e+01
3.000000000000000100e-03 5.316415800000000000e+01
2.000000000000000000e-03 3.594821500000000500e+01
1.000000000000000000e-03 1.826031600000000000e+01
-5.392511833893617000e-19 -3.576580810546875500e-04
-1.000000000000000000e-03 -1.826217900000000000e+01
-2.000000000000000000e-03 -3.595234000000000000e+01
-3.000000000000000100e-03 -5.316545699999999600e+01
-4.000000000000000100e-03 -7.032125999999999500e+01
-5.000000000000000100e-03 -8.746438999999999500e+01
-5.000000000000000100e-03 -8.746438999999999500e+01
-4.000000000000000100e-03 -7.031872200000000800e+01
-3.000000000000000100e-03 -5.316343700000000200e+01
-2.000000000000000000e-03 -3.595118200000000300e+01
-1.000000000000000000e-03 -1.826184449999999900e+01
3.806478941571965100e-19 -1.913359375000003200e-04
1.000000000000000000e-03 1.826069150000000000e+01
2.000000000000000000e-03 3.594951700000000000e+01
3.000000000000000100e-03 5.316626199999999600e+01
4.000000000000000100e-03 7.032200799999999700e+01
5.000000000000000100e-03 8.746620600000000000e+01
5.000000000000000100e-03 8.746620600000000000e+01
4.000000000000000100e-03 7.031944000000000000e+01
3.000000000000000100e-03 5.316422099999999800e+01
2.000000000000000000e-03 3.594839600000000200e+01
1.000000000000000000e-03 1.826035699999999900e+01
-5.392511833893617000e-19 -3.564190673828126200e-04
-1.000000000000000000e-03 -1.826221899999999800e+01
-2.000000000000000000e-03 -3.595251600000000300e+01
-3.000000000000000100e-03 -5.316551400000000200e+01
-4.000000000000000100e-03 -7.032125000000000600e+01
-5.000000000000000100e-03 -8.746432200000001000e+01
-5.000000000000000100e-03 -8.746432200000001000e+01
-4.000000000000000100e-03 -7.031870800000000100e+01
-3.000000000000000100e-03 -5.316349400000000000e+01
-2.000000000000000000e-03 -3.595135999999999400e+01
-1.000000000000000000e-03 -1.826188549999999800e+01
3.806478941571965100e-19 -1.917570800781249900e-04
1.000000000000000000e-03 1.826073050000000100e+01
2.000000000000000000e-03 3.594969600000000300e+01
3.000000000000000100e-03 5.316632500000000100e+01
4.000000000000000100e-03 7.032200399999999300e+01
5.000000000000000100e-03 8.746614200000000500e+01
5.000000000000000100e-03 8.746614200000000500e+01
4.000000000000000100e-03 7.031943400000000100e+01
3.000000000000000100e-03 5.316428399999999500e+01
2.000000000000000000e-03 3.594857499999999800e+01
1.000000000000000000e-03 1.826039800000000200e+01
-5.392511833893617000e-19 -3.523721923828124700e-04
-1.000000000000000000e-03 -1.826225350000000000e+01
-2.000000000000000000e-03 -3.595268600000000000e+01
-3.000000000000000100e-03 -5.316556300000000600e+01
-4.000000000000000100e-03 -7.032123200000000900e+01
-5.000000000000000100e-03 -8.746424600000000300e+01
-5.000000000000000100e-03 -8.746424600000000300e+01
-4.000000000000000100e-03 -7.031869199999999900e+01
-3.000000000000000100e-03 -5.316354299999999700e+01
-2.000000000000000000e-03 -3.595152900000000100e+01
-1.000000000000000000e-03 -1.826192050000000200e+01
3.806478941571965100e-19 -1.877824707031249700e-04
1.000000000000000000e-03 1.826077050000000000e+01
2.000000000000000000e-03 3.594987199999999900e+01
3.000000000000000100e-03 5.316638400000000100e+01
4.000000000000000100e-03 7.032199399999998900e+01
5.000000000000000100e-03 8.746607400000000600e+01
5.000000000000000100e-03 8.746607400000000600e+01
4.000000000000000100e-03 7.031942599999999300e+01
3.000000000000000100e-03 5.316434100000000000e+01
2.000000000000000000e-03 3.594875400000000100e+01
1.000000000000000000e-03 1.826043899999999800e+01
-5.392511833893617000e-19 -3.483847656250000100e-04
-1.000000000000000000e-03 -1.826228850000000000e+01
-2.000000000000000000e-03 -3.595285500000000000e+01
-3.000000000000000100e-03 -5.316561400000000500e+01
-4.000000000000000100e-03 -7.032121200000000300e+01
-5.000000000000000100e-03 -8.746416999999999600e+01
-5.000000000000000100e-03 -8.746416999999999600e+01
-3.749999999999999900e-03 -6.603154600000000600e+01
-2.500000000000000100e-03 -4.457437199999999700e+01
-1.250000000000000000e-03 -2.278768450000000100e+01
6.344131569286608800e-19 -3.521000976562500000e-04
1.250000000000000000e-03 2.278597599999999800e+01
2.500000000000000100e-03 4.457400599999999700e+01
3.749999999999999900e-03 6.603404600000000400e+01
5.000000000000000100e-03 8.746559999999999500e+01
6.250000000000000300e-03 1.080573260000000000e+02
7.499999999999999700e-03 1.260649500000000000e+02
7.499999999999999700e-03 1.260649500000000000e+02
6.000000000000000100e-03 1.007032920000000000e+02
4.499999999999999700e-03 7.535475200000000500e+01
3.000000000000000100e-03 4.999054199999999800e+01
1.500000000000000000e-03 2.435564200000000000e+01
-1.268826313857321800e-18 -2.656855062500000000e+00
-1.500000000000000000e-03 -2.964723950000000100e+01
-3.000000000000000100e-03 -5.573385299999999600e+01
-4.499999999999999700e-03 -8.145482400000000200e+01
-6.000000000000000100e-03 -1.064780000000000100e+02
-7.499999999999999700e-03 -1.263719600000000000e+02
-7.499999999999999700e-03 -1.263719600000000000e+02
-6.000000000000000100e-03 -1.010157140000000000e+02
-4.499999999999999700e-03 -7.566496200000000300e+01
-3.000000000000000100e-03 -5.029760000000000300e+01
-1.500000000000000000e-03 -2.464227199999999800e+01
1.205384998164455600e-18 2.023200750000000000e+00
1.500000000000000000e-03 2.884043350000000300e+01
3.000000000000000100e-03 5.472828100000000300e+01
4.499999999999999700e-03 8.012124199999999500e+01
6.000000000000000100e-03 1.052051520000000000e+02
7.499999999999999700e-03 1.262978300000000000e+02
7.499999999999999700e-03 1.262978300000000000e+02
6.000000000000000100e-03 1.009446900000000100e+02
4.499999999999999700e-03 7.560061600000000200e+01
3.000000000000000100e-03 5.023552900000000000e+01
1.500000000000000000e-03 2.459146300000000100e+01
-1.205384998164455600e-18 -2.059670624999999900e+00
-1.500000000000000000e-03 -2.885344699999999900e+01
-3.000000000000000100e-03 -5.472759600000000500e+01
-4.499999999999999700e-03 -8.011251400000000400e+01
-6.000000000000000100e-03 -1.051851820000000000e+02
-7.499999999999999700e-03 -1.262818000000000000e+02
-7.499999999999999700e-03 -1.262818000000000000e+02
-6.000000000000000100e-03 -1.009296600000000100e+02
-4.499999999999999700e-03 -7.558396399999999500e+01
-3.000000000000000100e-03 -5.022331899999999600e+01
-1.500000000000000000e-03 -2.458117400000000100e+01
1.205384998164455600e-18 2.044855000000000100e+00
1.500000000000000000e-03 2.882184600000000100e+01
3.000000000000000100e-03 5.469021599999999900e+01
4.499999999999999700e-03 8.006965400000000000e+01
6.000000000000000100e-03 1.051302940000000100e+02
7.499999999999999700e-03 1.262360779999999900e+02
7.499999999999999700e-03 1.262360779999999900e+02
6.000000000000000100e-03 1.008874740000000000e+02
4.499999999999999700e-03 7.554896800000000200e+01
3.000000000000000100e-03 5.019019699999999800e+01
1.500000000000000000e-03 2.455998100000000100e+01
-1.268826313857321800e-18 -2.070011749999999900e+00
-1.500000000000000000e-03 -2.882980500000000000e+01
-3.000000000000000100e-03 -5.468384700000000000e+01
-4.499999999999999700e-03 -8.005883599999999900e+01
-6.000000000000000100e-03 -1.051095520000000100e+02
-7.499999999999999700e-03 -1.262061640000000000e+02
-7.499999999999999700e-03 -1.262061640000000000e+02
-6.000000000000000100e-03 -1.008587100000000000e+02
-4.499999999999999700e-03 -7.551863799999999600e+01
-3.000000000000000100e-03 -5.016549500000000000e+01
-1.500000000000000000e-03 -2.453550400000000000e+01
1.205384998164455600e-18 2.073626875000000400e+00
1.500000000000000000e-03 2.882781500000000100e+01
3.000000000000000100e-03 5.467531499999999800e+01
4.499999999999999700e-03 8.004591400000001000e+01
6.000000000000000100e-03 1.050815300000000000e+02
7.499999999999999700e-03 1.261705360000000000e+02
7.499999999999999700e-03 1.261705360000000000e+02
6.000000000000000100e-03 1.008267580000000000e+02
4.499999999999999700e-03 7.549397600000000400e+01
3.000000000000000100e-03 5.014145399999999600e+01
1.500000000000000000e-03 2.452307700000000100e+01
-1.268826313857321800e-18 -2.092115624999999900e+00
-1.500000000000000000e-03 -2.883185699999999900e+01
-3.000000000000000100e-03 -5.466616600000000400e+01
-4.499999999999999700e-03 -8.003249400000000000e+01
-6.000000000000000100e-03 -1.050542279999999900e+02
-7.499999999999999700e-03 -1.261330620000000000e+02
-7.499999999999999700e-03 -1.261330620000000000e+02
-6.000000000000000100e-03 -1.007912680000000000e+02
-4.499999999999999700e-03 -7.545736999999999700e+01
-3.000000000000000100e-03 -5.011158100000000100e+01
-1.500000000000000000e-03 -2.449278199999999800e+01
1.205384998164455600e-18 2.101907500000000300e+00
1.500000000000000000e-03 2.884168000000000400e+01
3.000000000000000100e-03 5.467177300000000200e+01
4.499999999999999700e-03 8.003203999999999500e+01
6.000000000000000100e-03 1.050383420000000000e+02
7.499999999999999700e-03 1.261029840000000100e+02
7.499999999999999700e-03 1.261029840000000100e+02
6.000000000000000100e-03 1.007646120000000000e+02
4.499999999999999700e-03 7.543822399999999100e+01
3.000000000000000100e-03 5.009208900000000100e+01
1.500000000000000000e-03 2.448481300000000300e+01
-1.268826313857321800e-18 -2.116194999999999800e+00
-1.500000000000000000e-03 -2.884459749999999900e+01
-3.000000000000000100e-03 -5.466140399999999700e+01
-4.499999999999999700e-03 -8.001605399999999700e+01
-6.000000000000000100e-03 -1.050090640000000000e+02
-7.499999999999999700e-03 -1.260614840000000100e+02
-7.499999999999999700e-03 -1.260614840000000100e+02
-6.000000000000000100e-03 -1.007254000000000100e+02
-4.499999999999999700e-03 -7.539761199999999500e+01
-3.000000000000000100e-03 -5.005940499999999800e+01
-1.500000000000000000e-03 -2.445199300000000200e+01
1.205384998164455600e-18 2.128815125000000000e+00
1.500000000000000000e-03 2.885868200000000200e+01
3.000000000000000100e-03 5.467191499999999800e+01
4.499999999999999700e-03 8.002108400000000200e+01
6.000000000000000100e-03 1.049994560000000100e+02
7.499999999999999700e-03 1.260337880000000000e+02
7.499999999999999700e-03 1.260337880000000000e+02
6.000000000000000100e-03 1.007008740000000000e+02
4.499999999999999700e-03 7.538099400000000100e+01
3.000000000000000100e-03 5.004191299999999400e+01
1.500000000000000000e-03 2.444506399999999900e+01
-1.205384998164455600e-18 -2.141079249999999800e+00
-1.500000000000000000e-03 -2.886027799999999700e+01
-3.000000000000000100e-03 -5.466296599999999700e+01
-4.499999999999999700e-03 -8.000588799999999900e+01
-6.000000000000000100e-03 -1.049710760000000100e+02
-7.499999999999999700e-03 -1.259936180000000000e+02
-7.499999999999999700e-03 -1.259936180000000000e+02
-5.749999999999999900e-03 -9.644284199999999900e+01
-4.000000000000000100e-03 -6.690187600000000100e+01
-2.249999999999999800e-03 -3.729359500000000300e+01
-5.000000000000000100e-04 -6.760228749999999600e+00
1.250000000000000000e-03 2.444384050000000000e+01
3.000000000000000100e-03 5.467718000000000700e+01
4.749999999999999900e-03 8.422813199999998800e+01
6.499999999999999700e-03 1.125989480000000100e+02
8.250000000000000400e-03 1.331211100000000200e+02
1.000000000000000000e-02 1.436848900000000000e+02
1.000000000000000000e-02 1.436848900000000000e+02
8.000000000000000200e-03 1.100374460000000000e+02
6.000000000000000100e-03 7.641066800000000100e+01
4.000000000000000100e-03 4.280582100000000200e+01
2.000000000000000000e-03 9.334626414062499900e+00
-7.612957883143930200e-19 -2.383104550000000200e+01
-2.000000000000000000e-03 -5.786280825000000000e+01
-4.000000000000000100e-03 -8.965380299999999600e+01
-6.000000000000000100e-03 -1.147304620000000000e+02
-8.000000000000000200e-03 -1.333320060000000100e+02
-1.000000000000000000e-02 -1.441609420000000100e+02
-1.000000000000000000e-02 -1.441609340000000000e+02
-8.000000000000000200e-03 -1.105274200000000100e+02
-6.000000000000000100e-03 -7.690912600000000100e+01
-4.000000000000000100e-03 -4.329620300000000600e+01
-2.000000000000000000e-03 -9.809282062499999500e+00
7.612957883143930200e-19 2.332274999999999900e+01
2.000000000000000000e-03 5.641459909765625000e+01
4.000000000000000100e-03 8.601138499999999000e+01
6.000000000000000100e-03 1.095752110000000000e+02
8.000000000000000200e-03 1.283955960000000100e+02
1.000000000000000000e-02 1.435932119999999900e+02
1.000000000000000000e-02 1.435932119999999900e+02
8.000000000000000200e-03 1.099675960000000000e+02
6.000000000000000100e-03 7.635759799999999600e+01
4.000000000000000100e-03 4.276353000000000300e+01
2.000000000000000000e-03 9.349181218749999200e+00
-7.612957883143930200e-19 -2.365651450000000000e+01
-2.000000000000000000e-03 -5.661882001562500500e+01
-4.000000000000000100e-03 -8.601687649999999500e+01
-6.000000000000000100e-03 -1.092773640000000100e+02
-8.000000000000000200e-03 -1.280397319999999900e+02
-1.000000000000000000e-02 -1.433177080000000100e+02
-1.000000000000000000e-02 -1.433177080000000100e+02
-8.000000000000000200e-03 -1.097148440000000000e+02
-6.000000000000000100e-03 -7.612683799999999200e+01
-4.000000000000000100e-03 -4.255775599999999800e+01
-2.000000000000000000e-03 -9.177869839843749500e+00
-2.030122102171715000e-18 2.381292799999999900e+01
2.000000000000000000e-03 5.672521276562499500e+01
4.000000000000000100e-03 8.596146799999999600e+01
6.000000000000000100e-03 1.089735060000000000e+02
8.000000000000000200e-03 1.275907380000000000e+02
1.000000000000000000e-02 1.430204200000000000e+02
1.000000000000000000e-02 1.430204279999999800e+02
8.000000000000000200e-03 1.094161580000000000e+02
6.000000000000000100e-03 7.583272399999999900e+01
4.000000000000000100e-03 4.227225400000000400e+01
2.000000000000000000e-03 8.925734195312498900e+00
-7.612957883143930200e-19 -2.400729300000000100e+01
-2.000000000000000000e-03 -5.684712576562500200e+01
-4.000000000000000100e-03 -8.602749350000000600e+01
-6.000000000000000100e-03 -1.089123960000000000e+02
-8.000000000000000200e-03 -1.273604140000000100e+02
-1.000000000000000000e-02 -1.428253200000000000e+02
-1.000000000000000000e-02 -1.428253280000000100e+02
-8.000000000000000200e-03 -1.092374220000000100e+02
-6.000000000000000100e-03 -7.567152199999999600e+01
-4.000000000000000100e-03 -4.213111700000000300e+01
-2.000000000000000000e-03 -8.808550656250000400e+00
-2.030122102171715000e-18 2.412033100000000000e+01
2.000000000000000000e-03 5.692835556249999500e+01
4.000000000000000100e-03 8.601178550000000200e+01
6.000000000000000100e-03 1.087668010000000000e+02
8.000000000000000200e-03 1.271204960000000000e+02
1.000000000000000000e-02 1.426127580000000100e+02
1.000000000000000000e-02 1.426127580000000100e+02
8.000000000000000200e-03 1.090237040000000100e+02
6.000000000000000100e-03 7.546029200000001000e+01
4.000000000000000100e-03 4.192348900000000400e+01
2.000000000000000000e-03 8.623912406249999700e+00
-7.612957883143930200e-19 -2.426397749999999900e+01
-2.000000000000000000e-03 -5.702207682812500200e+01
-4.000000000000000100e-03 -8.606783049999999900e+01
-6.000000000000000100e-03 -1.087712510000000100e+02
-8.000000000000000200e-03 -1.269681280000000100e+02
-1.000000000000000000e-02 -1.424764600000000000e+02
-1.000000000000000000e-02 -1.424764680000000100e+02
-7.499999999999999700e-03 -1.005114980000000000e+02
-5.000000000000000100e-03 -5.858781299999999700e+01
-2.500000000000000100e-03 -1.682373650000000300e+01
1.649474208014518300e-18 2.433740000000000200e+01
2.500000000000000100e-03 6.477748612499999600e+01
5.000000000000000100e-03 9.813384800000000000e+01
7.499999999999999700e-03 1.224604180000000000e+02
1.000000000000000000e-02 1.422864620000000000e+02
1.250000000000000100e-02 1.506950959999999800e+02
1.499999999999999900e-02 1.554594680000000200e+02
1.499999999999999900e-02 1.554594599999999800e+02
1.200000000000000000e-02 1.051597460000000000e+02
8.999999999999999300e-03 5.487983199999999300e+01
6.000000000000000100e-03 4.964676500000000400e+00
3.000000000000000100e-03 -4.298126800000000000e+01
-2.537652627714643500e-18 -7.791233975000000100e+01
-3.000000000000000100e-03 -9.942519849999999300e+01
-6.000000000000000100e-03 -1.198021840000000000e+02
-8.999999999999999300e-03 -1.400089560000000100e+02
-1.200000000000000000e-02 -1.513423600000000100e+02
-1.499999999999999900e-02 -1.566821880000000000e+02
-1.499999999999999900e-02 -1.566821880000000000e+02
-1.200000000000000000e-02 -1.063769680000000100e+02
-8.999999999999999300e-03 -5.608839799999999800e+01
-6.000000000000000100e-03 -6.170346499999999100e+00
-3.000000000000000100e-03 4.164284150000000300e+01
1.522591576628786000e-18 7.655317300000000100e+01
3.000000000000000100e-03 9.657584287500000600e+01
6.000000000000000100e-03 1.105441214999999900e+02
8.999999999999999300e-03 1.242503310000000000e+02
1.200000000000000000e-02 1.408207160000000000e+02
1.499999999999999900e-02 1.551881559999999900e+02
1.499999999999999900e-02 1.551881559999999900e+02
1.200000000000000000e-02 1.049118280000000000e+02
8.999999999999999300e-03 5.465350999999999700e+01
6.000000000000000100e-03 4.890262499999999500e+00
3.000000000000000100e-03 -4.283749350000000100e+01
-2.410769996328911300e-18 -7.729170000000000600e+01
-3.000000000000000100e-03 -9.689965987499999800e+01
-6.000000000000000100e-03 -1.105673480000000000e+02
-8.999999999999999300e-03 -1.233707050000000000e+02
-1.200000000000000000e-02 -1.400322119999999900e+02
-1.499999999999999900e-02 -1.549558920000000100e+02
-1.499999999999999900e-02 -1.549558920000000100e+02
-1.150000000000000000e-02 -9.631705800000000300e+01
-8.000000000000000200e-03 -3.775255599999999800e+01
-4.499999999999999700e-03 1.965871450000000200e+01
-1.000000000000000000e-03 6.783371049999999500e+01
2.500000000000000100e-03 9.380248125000000000e+01
6.000000000000000100e-03 1.099824320000000000e+02
9.499999999999999800e-03 1.246225680000000000e+02
1.299999999999999900e-02 1.440198639999999800e+02
1.650000000000000100e-02 1.569639359999999900e+02
2.000000000000000000e-02 1.612037639999999800e+02
2.000000000000000000e-02 1.612037720000000100e+02
1.600000000000000000e-02 9.419700799999999700e+01
1.200000000000000000e-02 2.735046700000000200e+01
8.000000000000000200e-03 -3.688235799999999600e+01
4.000000000000000100e-03 -7.899069025000000000e+01
-1.395708945243054000e-18 -9.658558199999998800e+01
-4.000000000000000100e-03 -1.090630352500000000e+02
-8.000000000000000200e-03 -1.226963389999999900e+02
-1.200000000000000000e-02 -1.422836780000000100e+02
-1.600000000000000000e-02 -1.577347240000000000e+02
-2.000000000000000000e-02 -1.621308119999999900e+02
-2.000000000000000000e-02 -1.621308119999999900e+02
-1.600000000000000000e-02 -9.513876999999999400e+01
-1.200000000000000000e-02 -2.834174000000000100e+01
-8.000000000000000200e-03 3.575137499999999600e+01
-4.000000000000000100e-03 7.772249700000000400e+01
1.522591576628786000e-18 9.552525675000001100e+01
4.000000000000000100e-03 1.064433760000000000e+02
8.000000000000000200e-03 1.165278880000000000e+02
1.200000000000000000e-02 1.273951350000000000e+02
1.600000000000000000e-02 1.444374200000000000e+02
2.000000000000000000e-02 1.601599360000000200e+02
2.000000000000000000e-02 1.601599360000000200e+02
1.600000000000000000e-02 9.319979200000000200e+01
1.200000000000000000e-02 2.647135000000000100e+01
8.000000000000000200e-03 -3.746732200000000300e+01
4.000000000000000100e-03 -7.867569550000000300e+01
-1.522591576628786000e-18 -9.615922675000000200e+01
-4.000000000000000100e-03 -1.069957727500000000e+02
-8.000000000000000200e-03 -1.166396595000000100e+02
-1.200000000000000000e-02 -1.269853600000000000e+02
-1.600000000000000000e-02 -1.437698980000000100e+02
-2.000000000000000000e-02 -1.600548279999999900e+02
-2.000000000000000000e-02 -1.600548279999999900e+02
-1.499999999999999900e-02 -7.641002600000000200e+01
-1.000000000000000000e-02 6.249998999999999000e+00
-5.000000000000000100e-03 7.099505200000000100e+01
3.298948416029036500e-18 9.557961600000000100e+01
5.000000000000000100e-03 1.086302040000000100e+02
1.000000000000000000e-02 1.203629885000000000e+02
1.499999999999999900e-02 1.362469459999999800e+02
2.000000000000000000e-02 1.588185200000000100e+02
2.500000000000000100e-02 1.646096759999999800e+02
2.999999999999999900e-02 1.684449080000000000e+02
2.999999999999999900e-02 1.684449080000000000e+02
2.400000000000000000e-02 6.809950599999999100e+01
1.799999999999999900e-02 -2.915805400000000000e+01
1.200000000000000000e-02 -8.154117675000000500e+01
6.000000000000000100e-03 -9.749547450000000000e+01
3.806478941571965500e-18 -1.068288542499999900e+02
-6.000000000000000100e-03 -1.175291480000000100e+02
-1.200000000000000000e-02 -1.323753529999999900e+02
-1.799999999999999900e-02 -1.556357400000000000e+02
-2.400000000000000000e-02 -1.658919760000000000e+02
-2.999999999999999900e-02 -1.701117439999999900e+02
-2.999999999999999900e-02 -1.701117439999999900e+02
-2.400000000000000000e-02 -6.977898199999999900e+01
-1.799999999999999900e-02 2.728741200000000300e+01
-1.200000000000000000e-02 7.946648700000000100e+01
-6.000000000000000100e-03 9.558820506249999500e+01
2.791417890486108000e-18 1.046177861249999900e+02
6.000000000000000100e-03 1.135377039999999900e+02
1.200000000000000000e-02 1.221552084999999900e+02
1.799999999999999900e-02 1.325459280000000000e+02
2.400000000000000000e-02 1.519321540000000000e+02
2.999999999999999900e-02 1.674546919999999900e+02
2.999999999999999900e-02 1.674546919999999900e+02
2.400000000000000000e-02 6.719088600000000600e+01
1.799999999999999900e-02 -2.962239299999999500e+01
1.200000000000000000e-02 -8.021174500000000800e+01
6.000000000000000100e-03 -9.635150799999999500e+01
-1.522591576628786000e-18 -1.055079400312500000e+02
-6.000000000000000100e-03 -1.143072682500000100e+02
-1.200000000000000000e-02 -1.225708729999999900e+02
-1.799999999999999900e-02 -1.319559020000000100e+02
-2.400000000000000000e-02 -1.514572520000000100e+02
-2.999999999999999900e-02 -1.676570040000000000e+02
-2.999999999999999900e-02 -1.676570040000000000e+02
-2.300000000000000000e-02 -5.080791999999999600e+01
-1.600000000000000000e-02 5.305938249999999800e+01
-8.999999999999999300e-03 8.896793575000000900e+01
-2.000000000000000000e-03 1.017873894375000000e+02
5.000000000000000100e-03 1.113908873750000100e+02
1.200000000000000000e-02 1.207838544999999900e+02
1.900000000000000000e-02 1.315306950000000100e+02
2.599999999999999900e-02 1.540371419999999900e+02
3.300000000000000200e-02 1.691004840000000200e+02
4.000000000000000100e-02 1.735311840000000000e+02
4.000000000000000100e-02 1.735311840000000000e+02
3.200000000000000100e-02 4.024871400000000000e+01
2.400000000000000000e-02 -6.290132950000000300e+01
1.600000000000000000e-02 -9.014465212500000700e+01
8.000000000000000200e-03 -1.016059451562500000e+02
-4.314009467114893600e-18 -1.106482044999999900e+02
-8.000000000000000200e-03 -1.202020540000000000e+02
-1.600000000000000000e-02 -1.311371210000000100e+02
-2.400000000000000000e-02 -1.524742500000000100e+02
-3.200000000000000100e-02 -1.706005079999999900e+02
-4.000000000000000100e-02 -1.753332639999999900e+02
-4.000000000000000100e-02 -1.753332639999999900e+02
-3.200000000000000100e-02 -4.216818999999999600e+01
-2.400000000000000000e-02 6.024039099999999500e+01
-1.600000000000000000e-02 8.757677125000000700e+01
-8.000000000000000200e-03 9.934403053124999900e+01
-2.030122102171715000e-18 1.084237595000000000e+02
8.000000000000000200e-03 1.169893999999999900e+02
1.600000000000000000e-02 1.252132295000000000e+02
2.400000000000000000e-02 1.351302519999999800e+02
3.200000000000000100e-02 1.556022060000000200e+02
4.000000000000000100e-02 1.725460919999999900e+02
4.000000000000000100e-02 1.725460919999999900e+02
3.200000000000000100e-02 3.958141899999999700e+01
2.400000000000000000e-02 -6.117366949999999500e+01
1.600000000000000000e-02 -8.790042724999999300e+01
8.000000000000000200e-03 -9.986163812499999900e+01
-2.918300521871840200e-18 -1.089939016562500000e+02
-8.000000000000000200e-03 -1.171731402500000000e+02
-1.600000000000000000e-02 -1.254519785000000000e+02
-2.400000000000000000e-02 -1.347808680000000000e+02
-3.200000000000000100e-02 -1.541080959999999900e+02
-4.000000000000000100e-02 -1.722331600000000000e+02
-4.000000000000000100e-02 -1.722331600000000000e+02
-3.100000000000000000e-02 -2.327701000000000100e+01
-2.199999999999999900e-02 6.988058049999999400e+01
-1.299999999999999900e-02 9.169080337500000200e+01
-4.000000000000000100e-03 1.033405863125000100e+02
5.000000000000000100e-03 1.126231270000000000e+02
1.400000000000000000e-02 1.213413319999999900e+02
2.300000000000000000e-02 1.312012850000000100e+02
3.200000000000000100e-02 1.483701340000000100e+02
4.100000000000000200e-02 1.712176039999999900e+02
5.000000000000000300e-02 1.764540240000000000e+02
5.000000000000000300e-02 1.764540240000000000e+02
4.000000000000000100e-02 1.208693137500000100e+01
2.999999999999999900e-02 -7.121360875000000600e+01
2.000000000000000000e-02 -9.087509875000000600e+01
1.000000000000000000e-02 -1.028553576406250000e+02
6.090366306515144100e-18 -1.121969105000000000e+02
-1.000000000000000000e-02 -1.209226000000000000e+02
-2.000000000000000000e-02 -1.310805845000000100e+02
-2.999999999999999900e-02 -1.477089000000000000e+02
-4.000000000000000100e-02 -1.719268559999999900e+02
-5.000000000000000300e-02 -1.771760679999999900e+02
-5.000000000000000300e-02 -1.771760679999999900e+02
-4.000000000000000100e-02 -1.356913600000000000e+01
-2.999999999999999900e-02 6.785778524999999200e+01
-2.000000000000000000e-02 8.784182512500000000e+01
-1.000000000000000000e-02 9.992663418749999900e+01
-4.821539992657822600e-18 1.095251375000000000e+02
1.000000000000000000e-02 1.178375865000000000e+02
2.000000000000000000e-02 1.260013915000000000e+02
2.999999999999999900e-02 1.357228100000000100e+02
4.000000000000000100e-02 1.554327859999999900e+02
5.000000000000000300e-02 1.741280719999999700e+02
5.000000000000000300e-02 1.741280719999999700e+02
4.000000000000000100e-02 1.135090768749999900e+01
2.999999999999999900e-02 -6.769884899999999600e+01
2.000000000000000000e-02 -8.728020137499999000e+01
1.000000000000000000e-02 -9.960911181250000400e+01
4.314009467114893600e-18 -1.089413290625000000e+02
-1.000000000000000000e-02 -1.172276817500000000e+02
-2.000000000000000000e-02 -1.256047140000000000e+02
-2.999999999999999900e-02 -1.347296269999999900e+02
-4.000000000000000100e-02 -1.539167099999999900e+02
-5.000000000000000300e-02 -1.731444200000000000e+02
-5.000000000000000300e-02 -1.731444280000000000e+02
-3.900000000000000000e-02 3.827263999999999600e+00
-2.800000000000000100e-02 7.118154674999999500e+01
-1.700000000000000100e-02 8.961542306250000000e+01
-6.000000000000000100e-03 1.019011691015624900e+02
5.000000000000000100e-03 1.111847580000000000e+02
1.600000000000000000e-02 1.197983085000000000e+02
2.700000000000000000e-02 1.292612159999999900e+02
3.799999999999999900e-02 1.450087900000000000e+02
4.900000000000000200e-02 1.698461320000000100e+02
5.999999999999999800e-02 1.769419519999999900e+02
5.999999999999999800e-02 1.769419519999999900e+02
4.800000000000000100e-02 -1.241611599999999900e+01
3.599999999999999700e-02 -7.046506862500000100e+01
2.400000000000000000e-02 -8.823014612500000500e+01
1.200000000000000000e-02 -1.007403312187500000e+02
-2.283887364943179100e-18 -1.104037402500000000e+02
-1.200000000000000000e-02 -1.188530335000000100e+02
-2.400000000000000000e-02 -1.280680680000000100e+02
-3.599999999999999700e-02 -1.439526300000000000e+02
-4.800000000000000100e-02 -1.695154400000000100e+02
-5.999999999999999800e-02 -1.772515840000000100e+02
-5.999999999999999800e-02 -1.772515840000000100e+02
-4.800000000000000100e-02 1.062539349999999800e+01
-3.599999999999999700e-02 6.726505275000000900e+01
-2.400000000000000000e-02 8.477456568750000100e+01
-1.200000000000000000e-02 9.723533946093751000e+01
-2.030122102171715000e-18 1.068871300000000000e+02
1.200000000000000000e-02 1.151513250000000000e+02
2.400000000000000000e-02 1.229831755000000000e+02
3.599999999999999700e-02 1.333693340000000100e+02
4.800000000000000100e-02 1.545405659999999800e+02
5.999999999999999800e-02 1.731712039999999900e+02
5.999999999999999800e-02 1.731711960000000100e+02
4.800000000000000100e-02 -1.235815949999999900e+01
3.599999999999999700e-02 -6.657350712500000600e+01
2.400000000000000000e-02 -8.381994665624999600e+01
1.200000000000000000e-02 -9.577039027050780400e+01
-1.268826313857321700e-17 -1.053630848124999900e+02
-1.200000000000000000e-02 -1.135409222500000100e+02
-2.400000000000000000e-02 -1.216306015000000000e+02
-3.599999999999999700e-02 -1.317958930000000100e+02
-4.800000000000000100e-02 -1.529850180000000000e+02
-5.999999999999999800e-02 -1.717872879999999900e+02
-5.999999999999999800e-02 -1.717872879999999900e+02
-4.700000000000000000e-02 2.206611850000000200e+01
-3.400000000000000200e-02 6.830336975000000200e+01
-2.100000000000000100e-02 8.498037010937500200e+01
-8.000000000000000200e-03 9.690473618749999200e+01
5.000000000000000100e-03 1.062495780000000000e+02
1.799999999999999900e-02 1.148208179999999900e+02
3.100000000000000000e-02 1.244140150000000100e+02
4.399999999999999700e-02 1.400030280000000000e+02
5.700000000000000200e-02 1.660517240000000100e+02
7.000000000000000700e-02 1.751283080000000000e+02
7.000000000000000700e-02 1.751283080000000000e+02
5.600000000000000100e-02 -2.630275299999999900e+01
4.200000000000000300e-02 -6.701576737500001000e+01
2.800000000000000100e-02 -8.338639721874999100e+01
1.400000000000000000e-02 -9.493328276171875800e+01
-6.090366306515144100e-18 -1.048445235000000100e+02
-1.400000000000000000e-02 -1.132928395000000000e+02
-2.800000000000000100e-02 -1.225588265000000000e+02
-4.200000000000000300e-02 -1.384382720000000100e+02
-5.600000000000000100e-02 -1.654980720000000100e+02
-7.000000000000000700e-02 -1.749367199999999800e+02
-7.000000000000000700e-02 -1.749367199999999800e+02
-5.600000000000000100e-02 2.435089049999999800e+01
-4.200000000000000300e-02 6.415937656250000000e+01
-2.800000000000000100e-02 7.979490526562500500e+01
-1.400000000000000000e-02 9.133282893749999700e+01
-7.612957883143930900e-18 1.007325034999999900e+02
1.400000000000000000e-02 1.091169950000000000e+02
2.800000000000000100e-02 1.171602300000000000e+02
4.200000000000000300e-02 1.280283069999999800e+02
5.600000000000000100e-02 1.506946220000000100e+02
7.000000000000000700e-02 1.708717320000000100e+02
7.000000000000000700e-02 1.708717240000000000e+02
5.600000000000000100e-02 -2.451199774999999900e+01
4.200000000000000300e-02 -6.308705150000000800e+01
2.800000000000000100e-02 -7.840906182031250200e+01
1.400000000000000000e-02 -8.908232185156249700e+01
-1.674850734291664700e-17 -9.801624043750000200e+01
-1.400000000000000000e-02 -1.062913630000000000e+02
-2.800000000000000100e-02 -1.149379900000000100e+02
-4.200000000000000300e-02 -1.260230270000000000e+02
-5.600000000000000100e-02 -1.484856179999999900e+02
-7.000000000000000700e-02 -1.692592440000000000e+02
-7.000000000000000700e-02 -1.692592359999999900e+02
-5.500000000000000000e-02 2.965087724999999700e+01
-4.000000000000000100e-02 6.397520675000000500e+01
-2.500000000000000100e-02 7.873388732226563000e+01
-1.000000000000000000e-02 8.937086553125000400e+01
5.000000000000000100e-03 9.792901537500000600e+01
2.000000000000000000e-02 1.069211555000000000e+02
3.500000000000000300e-02 1.169820809999999900e+02
5.000000000000000300e-02 1.321977519999999800e+02
6.500000000000000200e-02 1.617437280000000000e+02
8.000000000000000200e-02 1.723613439999999700e+02
8.000000000000000200e-02 1.723613520000000100e+02
6.400000000000000100e-02 -3.129645950000000100e+01
4.800000000000000100e-02 -6.282621318750000200e+01
3.200000000000000100e-02 -7.712612125781250000e+01
1.600000000000000000e-02 -8.718309954687499900e+01
2.791417890486108000e-18 -9.645333349999999900e+01
-1.600000000000000000e-02 -1.049071810000000100e+02
-3.200000000000000100e-02 -1.145587434999999900e+02
-4.800000000000000100e-02 -1.305394059999999900e+02
-6.400000000000000100e-02 -1.612946440000000100e+02
-8.000000000000000200e-02 -1.720979879999999900e+02
-8.000000000000000200e-02 -1.720979879999999900e+02
-6.400000000000000100e-02 2.974033649999999800e+01
-4.800000000000000100e-02 6.016750725000000000e+01
-3.200000000000000100e-02 7.396621849609374500e+01
-1.600000000000000000e-02 8.391927937500000200e+01
-3.298948416029036700e-17 9.273534850000000100e+01
1.600000000000000000e-02 1.006632615000000000e+02
3.200000000000000100e-02 1.090118605000000000e+02
4.800000000000000100e-02 1.209365569999999900e+02
6.400000000000000100e-02 1.454150940000000100e+02
8.000000000000000200e-02 1.681479200000000000e+02
8.000000000000000200e-02 1.681479119999999900e+02
6.400000000000000100e-02 -2.901731175000000100e+01
4.800000000000000100e-02 -5.906346181250000200e+01
3.200000000000000100e-02 -7.225937853124999300e+01
1.600000000000000000e-02 -8.141170002343749000e+01
2.829482679901827300e-17 -8.903872287500000500e+01
-1.600000000000000000e-02 -9.753531199999999000e+01
-3.200000000000000100e-02 -1.060960460000000000e+02
-4.800000000000000100e-02 -1.185250999999999900e+02
-6.400000000000000100e-02 -1.428476800000000000e+02
-8.000000000000000200e-02 -1.667127679999999800e+02
-8.000000000000000200e-02 -1.667127679999999800e+02
-6.300000000000000000e-02 3.189416850000000300e+01
-4.599999999999999900e-02 5.941297268750000200e+01
-2.900000000000000100e-02 7.230966960937500700e+01
-1.200000000000000000e-02 8.135101346874999700e+01
5.000000000000000100e-03 8.950612250000000400e+01
2.199999999999999900e-02 9.776496399999999200e+01
3.900000000000000000e-02 1.077989580000000000e+02
5.600000000000000100e-02 1.241888419999999900e+02
7.299999999999999500e-02 1.577035480000000100e+02
8.999999999999999700e-02 1.693929200000000000e+02
8.999999999999999700e-02 1.693929200000000000e+02
7.199999999999999500e-02 -3.273603500000000100e+01
5.399999999999999900e-02 -5.862266999999999900e+01
3.599999999999999700e-02 -7.097215101562500200e+01
1.799999999999999900e-02 -8.020870000000000700e+01
1.116567156194443200e-17 -8.789747600000001200e+01
-1.799999999999999900e-02 -9.583167149999999900e+01
-3.599999999999999700e-02 -1.052864029999999900e+02
-5.399999999999999900e-02 -1.224321420000000000e+02
-7.199999999999999500e-02 -1.578780520000000000e+02
-8.999999999999999700e-02 -1.688587840000000100e+02
-8.999999999999999700e-02 -1.688587840000000100e+02
-7.199999999999999500e-02 3.117407875000000000e+01
-5.399999999999999900e-02 5.625617496874999500e+01
-3.599999999999999700e-02 6.877470400000000000e+01
-1.799999999999999900e-02 7.769043800000000000e+01
1.370332418965907500e-17 8.498251599999999000e+01
1.799999999999999900e-02 9.200097700000000600e+01
3.599999999999999700e-02 1.000873380000000000e+02
5.399999999999999900e-02 1.133079300000000000e+02
7.199999999999999500e-02 1.403147280000000000e+02
8.999999999999999700e-02 1.656745440000000000e+02
8.999999999999999700e-02 1.656745440000000000e+02
7.199999999999999500e-02 -3.051100100000000400e+01
5.399999999999999900e-02 -5.514481049999999800e+01
3.599999999999999700e-02 -6.662552308593750200e+01
1.799999999999999900e-02 -7.498984099999999800e+01
-3.273571889751890300e-17 -8.208038249999999900e+01
-1.799999999999999900e-02 -8.950834150000000000e+01
-3.599999999999999700e-02 -9.737842050000000400e+01
-5.399999999999999900e-02 -1.103223450000000000e+02
-7.199999999999999500e-02 -1.359132480000000100e+02
-8.999999999999999700e-02 -1.637724039999999900e+02
